133616
148616
163616
178616
193616
208616
223616
239232
255232
271232
287232
303232
319232
335232
351232
367232
383232
399232
415232
431232
447232
463232
479232
495464
512464
529464
546464
563464
580464
597464
614464
631464
648464
665464
682464
699464
716464
733464
750464
767464
784464
801464
818464
835464
852464
869464
886464
903464
920464
937464
954464
971464
988464
1005464
1022464
1039464
1056928
1074928
1092928
1110928
1128928
1146928
1164928
1182928
1200928
1218928
1236928
1254928
1272928
1290928
1308928
1326928
1344928
1362928
1380928
1398928
1416928
1434928
1452928
1470928
1488928
1506928
1524928
1542928
1560928
1578928
1596928
1614928
1632928
1650928
1668928
1686928
1704928
1722928
1740928
1758928
1776928
1794928
1812928
1830928
1848928
1866928
1884928
1902928
1920928
1938928
1956928
1974928
1992928
2010928
2028928
2046928
2064928
2082928
2100928
2118928
2136928
2154928
2172928
2190928
2208928
2226928
2245856
2264856
2283856
2302856
2321856
2340856
2359856
2378856
2397856
2416856
2435856
2454856
2473856
2492856
2511856
2530856
2549856
2568856
2587856
2606856
2625856
2644856
2663856
2682856
2701856
2720856
2739856
2758856
2777856
2796856
2815856
2834856
2853856
2872856
2891856
2910856
2929856
2948856
2967856
2986856
3005856
3024856
3043856
3062856
3081856
3100856
3119856
3138856
3157856
3176856
3195856
3214856
3233856
3252856
3271856
3290856
3309856
3328856
3347856
3366856
3385856
3404856
3423856
3442856
3461856
3480856
3499856
3518856
3537856
3556856
3575856
3594856
3613856
3632856
3651856
3670856
3689856
3708856
3727856
3746856
3765856
3784856
3803856
3822856
3841856
3860856
3879856
3898856
3917856
3936856
3955856
3974856
3993856
4012856
4031856
4050856
4069856
4088856
4107856
4126856
4145856
4164856
4183856
4202856
4221856
4240856
4259856
4278856
4297856
4316856
4335856
4354856
4373856
4392856
4411856
4430856
4449856
4468856
4487856
4506856
4525856
4544856
4563856
4582856
4601856
4620856
4639856
4658856
4677856
4696856
4715856
4735712
4755712
4775712
4795712
4815712
4835712
4855712
4875712
4895712
4915712
4935712
4955712
4975712
4995712
5015712
5035712
5055712
5075712
5095712
5115712
5135712
5155712
5175712
5195712
5215712
5235712
5255712
5275712
5295712
5315712
5335712
5355712
5375712
5395712
5415712
5435712
5455712
5475712
5495712
5515712
5535712
5555712
5575712
5595712
5615712
5635712
5655712
5675712
5695712
5715712
5735712
5755712
5775712
5795712
5815712
5835712
5855712
5875712
5895712
5915712
5935712
5955712
5975712
5995712
6015712
6035712
6055712
6075712
6095712
6115712
6135712
6155712
6175712
6195712
6215712
6235712
6255712
6275712
6295712
6315712
6335712
6355712
6375712
6395712
6415712
6435712
6455712
6475712
6495712
6515712
6535712
6555712
6575712
6595712
6615712
6635712
6655712
6675712
6695712
6715712
6735712
6755712
6775712
6795712
6815712
6835712
6855712
6875712
6895712
6915712
6935712
6955712
6975712
6995712
7015712
7035712
7055712
7075712
7095712
7115712
7135712
7155712
7175712
7195712
7215712
7235712
7255712
7275712
7295712
7315712
7335712
7355712
7375712
7395712
7415712
7435712
7455712
7475712
7495712
7515712
7535712
7555712
7575712
7595712
7615712
7635712
7655712
7675712
7695712
7715712
7735712
7755712
7775712
7795712
7815712
7835712
7855712
7875712
7895712
7915712
7935712
7955712
7975712
7995712
8015712
8035712
8055712
8075712
8095712
8115712
8135712
8155712
8175712
8195712
8215712
8235712
8255712
8275712
8295712
8315712
8335712
8355712
8375712
8395712
8415712
8435712
8455712
8475712
8495712
8515712
8535712
8555712
8575712
8595712
8615712
8635712
8655712
8675712
8695712
8715712
8735712
8755712
8775712
8795712
8815712
8835712
8855712
8875712
8895712
8915712
8935712
8955712
8975712
8995712
9015712
9035712
9055712
9075712
9095712
9115712
9135712
9155712
9175712
9195712
9215712
9235712
9255712
9275712
9295712
9315712
9335712
9355712
9375712
9395712
9415712
9435712
9455712
9475712
9495712
9515712
9535712
9555712
9575712
9595712
9615712
9635712
9655712
9675712
9695712
9715712
9735712
9755712
9775712
9795712
9815712
9835712
9855712
9875712
9895712
9915712
9935712
9955712
9976424
9997424
10018424
10039424
10060424
10081424
10102424
10123424
10144424
10165424
10186424
10207424
10228424
10249424
10270424
10291424
10312424
10333424
10354424
10375424
10396424
10417424
10438424
10459424
10480424
10501424
10522424
10543424
10564424
10585424
10606424
10627424
10648424
10669424
10690424
10711424
10732424
10753424
10774424
10795424
10816424
10837424
10858424
10879424
10900424
10921424
10942424
10963424
10984424
11005424
11026424
11047424
11068424
11089424
11110424
11131424
11152424
11173424
11194424
11215424
11236424
11257424
11278424
11299424
11320424
11341424
11362424
11383424
11404424
11425424
11446424
11467424
11488424
11509424
11530424
11551424
11572424
11593424
11614424
11635424
11656424
11677424
11698424
11719424
11740424
11761424
11782424
11803424
11824424
11845424
11866424
11887424
11908424
11929424
11950424
11971424
11992424
12013424
12034424
12055424
12076424
12097424
12118424
12139424
12160424
12181424
12202424
12223424
12244424
12265424
12286424
12307424
12328424
12349424
12370424
12391424
12412424
12433424
12454424
12475424
12496424
12517424
12538424
12559424
12580424
12601424
12622424
12643424
12664424
12685424
12706424
12727424
12748424
12769424
12790424
12811424
12832424
12853424
12874424
12895424
12916424
12937424
12958424
12979424
13000424
13021424
13042424
13063424
13084424
13105424
13126424
13147424
13168424
13189424
13210424
13231424
13252424
13273424
13294424
13315424
13336424
13357424
13378424
13399424
13420424
13441424
13462424
13483424
13504424
13525424
13546424
13567424
13588424
13609424
13630424
13651424
13672424
13693424
13714424
13735424
13756424
13777424
13798424
13819424
13840424
13861424
13882424
13903424
13924424
13945424
13966424
13987424
14008424
14029424
14050424
14071424
14092424
14113424
14134424
14155424
14176424
14197424
14218424
14239424
14260424
14281424
14302424
14323424
14344424
14365424
14386424
14407424
14428424
14449424
14470424
14491424
14512424
14533424
14554424
14575424
14596424
14617424
14638424
14659424
14680424
14701424
14722424
14743424
14764424
14785424
14806424
14827424
14848424
14869424
14890424
14911424
14932424
14953424
14974424
14995424
15016424
15037424
15058424
15079424
15100424
15121424
15142424
15163424
15184424
15205424
15226424
15247424
15268424
15289424
15310424
15331424
15352424
15373424
15394424
15415424
15436424
15457424
15478424
15499424
15520424
15541424
15562424
15583424
15604424
15625424
15646424
15667424
15688424
15709424
15730424
15751424
15772424
15793424
15814424
15835424
15856424
15877424
15898424
15919424
15940424
15961424
15982424
16003424
16024424
16045424
16066424
16087424
16108424
16129424
16150424
16171424
16192424
16213424
16234424
16255424
16276424
16297424
16318424
16339424
16360424
16381424
16402424
16423424
16444424
16465424
16486424
16507424
16528424
16549424
16570424
16591424
16612424
16633424
16654424
16675424
16696424
16717424
16738424
16759424
16780424
16801424
16822424
16843424
16864424
16885424
16906424
16927424
16948424
16969424
16990424
17011424
17032424
17053424
17074424
17095424
17116424
17137424
17158424
17179424
17200424
17221424
17242424
17263424
17284424
17305424
17326424
17347424
17368424
17389424
17410424
17431424
17452424
17473424
17494424
17515424
17536424
17557424
17578424
17599424
17620424
17641424
17662424
17683424
17704424
17725424
17746424
17767424
17788424
17809424
17830424
17851424
17872424
17893424
17914424
17935424
17956424
17977424
17998424
18019424
18040424
18061424
18082424
18103424
18124424
18145424
18166424
18187424
18208424
18229424
18250424
18271424
18292424
18313424
18334424
18355424
18376424
18397424
18418424
18439424
18460424
18481424
18502424
18523424
18544424
18565424
18586424
18607424
18628424
18649424
18670424
18691424
18712424
18733424
18754424
18775424
18796424
18817424
18838424
18859424
18880424
18901424
18922424
18943424
18964424
18985424
19006424
19027424
19048424
19069424
19090424
19111424
19132424
19153424
19174424
19195424
19216424
19237424
19258424
19279424
19300424
19321424
19342424
19363424
19384424
19405424
19426424
19447424
19468424
19489424
19510424
19531424
19552424
19573424
19594424
19615424
19636424
19657424
19678424
19699424
19720424
19741424
19762424
19783424
19804424
19825424
19846424
19867424
19888424
19909424
19930424
19951424
19972424
19993424
20014424
20035424
20056424
20077424
20098424
20119424
133616
148616
163616
178616
193616
208616
223616
239232
255232
271232
287232
303232
319232
335232
351232
367232
383232
399232
415232
431232
447232
463232
479232
495464
512464
529464
546464
563464
580464
597464
614464
631464
648464
665464
682464
699464
716464
733464
750464
767464
784464
801464
818464
835464
852464
869464
886464
903464
920464
937464
954464
971464
988464
1005464
1022464
1039464
1056928
1074928
1092928
1110928
1128928
1146928
1164928
1182928
1200928
1218928
1236928
1254928
1272928
1290928
1308928
1326928
1344928
1362928
1380928
1398928
1416928
1434928
1452928
1470928
1488928
1506928
1524928
1542928
1560928
1578928
1596928
1614928
1632928
1650928
1668928
1686928
1704928
1722928
1740928
1758928
1776928
1794928
1812928
1830928
1848928
1866928
1884928
1902928
1920928
1938928
1956928
1974928
1992928
2010928
2028928
2046928
2064928
2082928
2100928
2118928
2136928
2154928
2172928
2190928
2208928
2226928
2245856
2264856
2283856
2302856
2321856
2340856
2359856
2378856
2397856
2416856
2435856
2454856
2473856
2492856
2511856
2530856
2549856
2568856
2587856
2606856
2625856
2644856
2663856
2682856
2701856
2720856
2739856
2758856
2777856
2796856
2815856
2834856
2853856
2872856
2891856
2910856
2929856
2948856
2967856
2986856
3005856
3024856
3043856
3062856
3081856
3100856
3119856
3138856
3157856
3176856
3195856
3214856
3233856
3252856
3271856
3290856
3309856
3328856
3347856
3366856
3385856
3404856
3423856
3442856
3461856
3480856
3499856
3518856
3537856
3556856
3575856
3594856
3613856
3632856
3651856
3670856
3689856
3708856
3727856
3746856
3765856
3784856
3803856
3822856
3841856
3860856
3879856
3898856
3917856
3936856
3955856
3974856
3993856
4012856
4031856
4050856
4069856
4088856
4107856
4126856
4145856
4164856
4183856
4202856
4221856
4240856
4259856
4278856
4297856
4316856
4335856
4354856
4373856
4392856
4411856
4430856
4449856
4468856
4487856
4506856
4525856
4544856
4563856
4582856
4601856
4620856
4639856
4658856
4677856
4696856
4715856
4735712
4755712
4775712
4795712
4815712
4835712
4855712
4875712
4895712
4915712
4935712
4955712
4975712
4995712
5015712
5035712
5055712
5075712
5095712
5115712
5135712
5155712
5175712
5195712
5215712
5235712
5255712
5275712
5295712
5315712
5335712
5355712
5375712
5395712
5415712
5435712
5455712
5475712
5495712
5515712
5535712
5555712
5575712
5595712
5615712
5635712
5655712
5675712
5695712
5715712
5735712
5755712
5775712
5795712
5815712
5835712
5855712
5875712
5895712
5915712
5935712
5955712
5975712
5995712
6015712
6035712
6055712
6075712
6095712
6115712
6135712
6155712
6175712
6195712
6215712
6235712
6255712
6275712
6295712
6315712
6335712
6355712
6375712
6395712
6415712
6435712
6455712
6475712
6495712
6515712
6535712
6555712
6575712
6595712
6615712
6635712
6655712
6675712
6695712
6715712
6735712
6755712
6775712
6795712
6815712
6835712
6855712
6875712
6895712
6915712
6935712
6955712
6975712
6995712
7015712
7035712
7055712
7075712
7095712
7115712
7135712
7155712
7175712
7195712
7215712
7235712
7255712
7275712
7295712
7315712
7335712
7355712
7375712
7395712
7415712
7435712
7455712
7475712
7495712
7515712
7535712
7555712
7575712
7595712
7615712
7635712
7655712
7675712
7695712
7715712
7735712
7755712
7775712
7795712
7815712
7835712
7855712
7875712
7895712
7915712
7935712
7955712
7975712
7995712
8015712
8035712
8055712
8075712
8095712
8115712
8135712
8155712
8175712
8195712
8215712
8235712
8255712
8275712
8295712
8315712
8335712
8355712
8375712
8395712
8415712
8435712
8455712
8475712
8495712
8515712
8535712
8555712
8575712
8595712
8615712
8635712
8655712
8675712
8695712
8715712
8735712
8755712
8775712
8795712
8815712
8835712
8855712
8875712
8895712
8915712
8935712
8955712
8975712
8995712
9015712
9035712
9055712
9075712
9095712
9115712
9135712
9155712
9175712
9195712
9215712
9235712
9255712
9275712
9295712
9315712
9335712
9355712
9375712
9395712
9415712
9435712
9455712
9475712
9495712
9515712
9535712
9555712
9575712
9595712
9615712
9635712
9655712
9675712
9695712
9715712
9735712
9755712
9775712
9795712
9815712
9835712
9855712
9875712
9895712
9915712
9935712
9955712
9976424
9997424
10018424
10039424
10060424
10081424
10102424
10123424
10144424
10165424
10186424
10207424
10228424
10249424
10270424
10291424
10312424
10333424
10354424
10375424
10396424
10417424
10438424
10459424
10480424
10501424
10522424
10543424
10564424
10585424
10606424
10627424
10648424
10669424
10690424
10711424
10732424
10753424
10774424
10795424
10816424
10837424
10858424
10879424
10900424
10921424
10942424
10963424
10984424
11005424
11026424
11047424
11068424
11089424
11110424
11131424
11152424
11173424
11194424
11215424
11236424
11257424
11278424
11299424
11320424
11341424
11362424
11383424
11404424
11425424
11446424
11467424
11488424
11509424
11530424
11551424
11572424
11593424
11614424
11635424
11656424
11677424
11698424
11719424
11740424
11761424
11782424
11803424
11824424
11845424
11866424
11887424
11908424
11929424
11950424
11971424
11992424
12013424
12034424
12055424
12076424
12097424
12118424
12139424
12160424
12181424
12202424
12223424
12244424
12265424
12286424
12307424
12328424
12349424
12370424
12391424
12412424
12433424
12454424
12475424
12496424
12517424
12538424
12559424
12580424
12601424
12622424
12643424
12664424
12685424
12706424
12727424
12748424
12769424
12790424
12811424
12832424
12853424
12874424
12895424
12916424
12937424
12958424
12979424
13000424
13021424
13042424
13063424
13084424
13105424
13126424
13147424
13168424
13189424
13210424
13231424
13252424
13273424
13294424
13315424
13336424
13357424
13378424
13399424
13420424
13441424
13462424
13483424
13504424
13525424
13546424
13567424
13588424
13609424
13630424
13651424
13672424
13693424
13714424
13735424
13756424
13777424
13798424
13819424
13840424
13861424
13882424
13903424
13924424
13945424
13966424
13987424
14008424
14029424
14050424
14071424
14092424
14113424
14134424
14155424
14176424
14197424
14218424
14239424
14260424
14281424
14302424
14323424
14344424
14365424
14386424
14407424
14428424
14449424
14470424
14491424
14512424
14533424
14554424
14575424
14596424
14617424
14638424
14659424
14680424
14701424
14722424
14743424
14764424
14785424
14806424
14827424
14848424
14869424
14890424
14911424
14932424
14953424
14974424
14995424
15016424
15037424
15058424
15079424
15100424
15121424
15142424
15163424
15184424
15205424
15226424
15247424
15268424
15289424
15310424
15331424
15352424
15373424
15394424
15415424
15436424
15457424
15478424
15499424
15520424
15541424
15562424
15583424
15604424
15625424
15646424
15667424
15688424
15709424
15730424
15751424
15772424
15793424
15814424
15835424
15856424
15877424
15898424
15919424
15940424
15961424
15982424
16003424
16024424
16045424
16066424
16087424
16108424
16129424
16150424
16171424
16192424
16213424
16234424
16255424
16276424
16297424
16318424
16339424
16360424
16381424
16402424
16423424
16444424
16465424
16486424
16507424
16528424
16549424
16570424
16591424
16612424
16633424
16654424
16675424
16696424
16717424
16738424
16759424
16780424
16801424
16822424
16843424
16864424
16885424
16906424
16927424
16948424
16969424
16990424
17011424
17032424
17053424
17074424
17095424
17116424
17137424
17158424
17179424
17200424
17221424
17242424
17263424
17284424
17305424
17326424
17347424
17368424
17389424
17410424
17431424
17452424
17473424
17494424
17515424
17536424
17557424
17578424
17599424
17620424
17641424
17662424
17683424
17704424
17725424
17746424
17767424
17788424
17809424
17830424
17851424
17872424
17893424
17914424
17935424
17956424
17977424
17998424
18019424
18040424
18061424
18082424
18103424
18124424
18145424
18166424
18187424
18208424
18229424
18250424
18271424
18292424
18313424
18334424
18355424
18376424
18397424
18418424
18439424
18460424
18481424
18502424
18523424
18544424
18565424
18586424
18607424
18628424
18649424
18670424
18691424
18712424
18733424
18754424
18775424
18796424
18817424
18838424
18859424
18880424
18901424
18922424
18943424
18964424
18985424
19006424
19027424
19048424
19069424
19090424
19111424
19132424
19153424
19174424
19195424
19216424
19237424
19258424
19279424
19300424
19321424
19342424
19363424
19384424
19405424
19426424
19447424
19468424
19489424
19510424
19531424
19552424
19573424
19594424
19615424
19636424
19657424
19678424
19699424
19720424
19741424
19762424
19783424
19804424
19825424
19846424
19867424
19888424
19909424
19930424
19951424
19972424
19993424
20014424
20035424
20056424
20077424
20098424
20119424
