19
14
20
31
18
15
17
24
23
27
22
45
27
39
35
41
43
35
31
40
36
49
35
38
41
36
42
47
45
49
59
45
59
60
59
59
51
68
62
64
70
65
67
78
65
71
77
77
73
79
77
81
77
77
86
74
83
85
92
89
90
97
96
97
111
97
98
104
100
101
112
107
109
120
110
113
110
122
144
123
128
125
122
152
161
185
134
124
120
120
121
150
152
147
141
134
144
129
143
133
133
143
153
152
156
197
190
156
162
158
150
161
156
155
143
153
155
162
139
153
155
158
159
185
174
172
164
180
188
203
192
189
196
194
209
236
214
202
242
236
367
235
417
263
279
223
268
215
221
358
208
222
237
203
195
236
227
213
213
217
216
232
201
214
233
213
228
227
225
225
227
234
241
230
239
218
234
246
235
238
243
237
242
254
248
254
243
235
262
273
307
266
248
343
254
303
277
288
274
288
252
256
267
321
383
312
380
318
368
287
351
324
472
355
442
280
304
297
295
323
332
303
279
281
282
285
282
289
295
287
293
297
295
300
304
309
301
299
308
300
307
308
315
334
315
305
307
309
325
379
320
336
337
317
329
291
322
332
331
392
348
356
346
339
340
344
318
354
351
334
345
319
382
354
344
355
371
362
360
392
390
367
366
367
353
360
387
355
366
381
370
384
453
405
394
400
397
386
385
362
397
397
407
401
412
395
401
390
402
388
383
398
371
394
414
383
413
411
405
435
411
510
439
439
491
455
463
452
488
427
436
467
415
423
454
439
432
429
505
447
438
466
479
420
498
527
449
496
462
443
478
494
452
444
507
581
700
750
751
566
474
525
469
471
486
466
468
495
479
473
460
498
479
484
461
495
465
483
566
508
523
508
545
512
592
599
705
602
636
549
525
510
494
509
534
537
590
535
599
521
527
504
540
525
659
529
520
509
515
624
873
591
526
602
632
558
538
613
554
586
671
604
564
553
555
537
521
590
535
530
544
529
537
526
542
560
551
598
578
542
572
617
573
571
573
594
634
558
556
563
551
563
561
562
594
594
569
579
567
638
617
641
593
622
573
611
596
614
576
604
614
772
673
618
626
651
652
674
650
671
603
612
649
609
623
640
788
658
677
774
758
717
677
764
675
635
653
627
686
658
622
680
663
709
750
648
668
675
641
697
647
662
665
663
632
680
733
726
750
709
738
722
693
806
751
830
718
725
684
655
819
767
694
717
873
673
660
719
716
701
773
860
733
710
741
778
659
720
724
680
709
685
703
687
691
707
659
705
686
741
678
769
695
717
771
731
761
708
770
709
760
737
731
768
817
726
770
706
990
798
764
761
947
802
758
977
755
751
739
726
802
832
737
790
1097
821
780
780
729
764
761
818
824
756
785
877
828
763
849
766
823
867
770
825
792
812
785
848
1011
1124
801
868
952
790
898
957
861
804
784
783
842
816
808
831
884
1141
986
854
888
946
883
1042
1041
965
1024
971
853
881
840
808
842
839
890
918
899
910
837
825
884
872
869
863
887
873
876
888
876
839
880
845
876
893
938
879
958
1144
957
956
1008
1014
910
871
898
842
943
922
924
913
948
974
925
897
884
923
911
935
867
938
890
897
869
935
925
901
885
931
923
894
923
955
904
927
950
952
985
935
974
1033
1110
1338
1018
1023
1017
926
976
928
922
975
959
965
949
978
981
990
964
951
943
930
968
996
1062
1007
984
972
1029
980
931
962
987
948
996
1001
1020
1016
1012
963
1010
1103
1144
1112
1071
1052
1034
996
1037
997
1085
1094
1000
980
971
1015
982
976
1038
1018
1012
1008
1114
1018
973
1050
1001
1029
1012
1137
959
1044
1041
1130
1128
1056
1183
1090
1092
1041
993
1145
1057
971
1096
1053
1087
1048
1036
1040
1035
1079
1059
1109
1065
1075
1021
1010
1055
1110
1041
1111
1043
1066
1092
1119
1017
1074
1087
1079
1062
1124
1108
1012
1121
1022
1093
1077
1091
1111
1096
1234
1128
1190
1113
1045
1120
1066
1070
1224
1117
1114
1064
1092
1110
1057
1067
1115
1149
1547
1597
1258
1207
1090
1106
1259
1214
1243
1377
1170
1178
1158
1181
1158
1184
1182
1192
1192
1110
1098
1058
1177
1151
1164
1279
1245
1212
1122
1193
1193
1142
1199
1176
1286
1217
1189
1379
1212
1174
1296
1185
1190
1170
1180
1196
1304
1180
1217
1165
1384
1231
1257
1321
1209
1279
1249
1335
1196
1169
1213
1280
1254
1232
1242
1597
1382
1286
1213
1306
1535
1468
1267
1257
1275
1211
1229
1337
1211
1292
1217
1189
1198
1188
1268
1231
1268
1302
1336
1300
1206
1160
1213
1215
1252
1217
1328
1233
1345
1280
1315
1248
1225
1219
1326
1299
1339
1256
1327
1346
1492
1167
1222
1238
1234
1190
1200
1150
1227
1222
1233
1250
1229
1240
1264
1232
1269
1282
1329
1267
1314
1207
1261
1217
1211
1205
1180
1293
1232
1385
1419
1308
1338
1316
